[subject_4Temporal_Pole_Mid_L,0.12647426323522107,0.10269767521194066,0.10509379537445665,0.09104671864887112,0.06484319840627736,0.05530293003181101]
[subject_4Cerebelum_Crus1_L,0.0986022671540111,0.07997991180853721,0.07816800963261902,0.06623289951935338,0.05016471589400426,0.03978990178509369]
[subject_4Temporal_Pole_Sup_L,0.11157498248871202,0.08986781926120539,0.09081619728279913,0.07824235001403688,0.05790017150939813,0.0493720386124415]
[subject_4Parietal_Sup_L,0.08077105631787268,0.06725722758754972,0.06063146551071571,0.04938340773937878,0.04102108048528589,0.029625058209530708]
[subject_4Postcentral_L,0.11244115160833242,0.09224652184093426,0.08964822796292307,0.07461978002337885,0.05872140521164576,0.04133684891708473]
[subject_4ParaHippocampal_L,0.09161742263784814,0.07677777111969991,0.06894911788586759,0.05564147625897231,0.04639393243119266,0.031163610237011634]
[subject_4Amygdala_L,0.09459869556993349,0.07815746110551364,0.07116798597976624,0.05836292677140061,0.0490170698078538,0.033763690947454336]
[subject_4Pallidum_L,0.10319896261522526,0.0865264826240198,0.07770068816938788,0.06356387657961292,0.05257431129736152,0.036801624011893894]
[subject_4Thalamus_R,0.09348523389971658,0.0778722087170761,0.06990829626905709,0.05643952070206588,0.046249412063389846,0.03285765947855634]
[subject_4Putamen_R,0.09671565120764261,0.08116027442629471,0.07285078139960083,0.05919976015320222,0.04786675734121732,0.03443569037952382]
[subject_4Hippocampus_R,0.08735383826401198,0.07232086360454851,0.06533471218552925,0.052697510461906634,0.044931615272350206,0.029401850203576083]
[subject_4Fusiform_R,0.10217373101092446,0.08263859756226012,0.07964833560698069,0.06450711397538503,0.05626708573178243,0.03575684170320318]
[subject_4Postcentral_R,0.09789378415953034,0.08222475944038568,0.07402357394454992,0.06029295599564758,0.04904849115215036,0.0337671843158372]
[subject_4Precentral_R,0.0969976866809135,0.07854660506711593,0.07533425047116471,0.06365949204447581,0.0489855204228636,0.03739166692041908]
[subject_4Temporal_Inf_R,0.09152080336607445,0.07381087287876884,0.07071057802045207,0.05806974255148151,0.04783623974910166,0.03377859641231608]
[subject_4Temporal_Mid_R,0.11578166680877533,0.09195527137214964,0.09351378373074389,0.07923003477285602,0.06161495985605355,0.047761717757869304]
